# address to addend+multiplicative factor LUT
# maps 12 bits to 18 bits
# 18 bits = (addend<<10) + multiplier)
# addend is signed 8 bits, multiplier is 10 bits
# anything after # is ignored with the exception of the header
# the header is first valid line starting with #<header> versionStr nrBitsAddress nrBitsData </header>
#<header> v1 12 18 </header>
0 512  # compresses ieta bin 0, pt 0
1 19455
2 19455
3 19455
4 20479
5 20479
6 18431
7 18431
8 18431
9 17407
10 17407
11 17407
12 16383
13 17407
14 17407
15 16383
16 16383
17 15359
18 15359
19 13311
20 12287
21 9215
22 9215
23 7167
24 6143
25 5119
26 3071
27 1022
28 1017
29 1003
30 995
31 992
32 980
33 978
34 964
35 956
36 941
37 930
38 927
39 915
40 907
41 905
42 895
43 888
44 881
45 878
46 872
47 865
48 853
49 845
50 837
51 826
52 820
53 812
54 809
55 804
56 798
57 792
58 788
59 785
60 783
61 780
62 763
63 743
64 512  # compresses ieta bin 1, pt 0
65 19455
66 18431
67 19455
68 19455
69 20479
70 18431
71 18431
72 17407
73 17407
74 16383
75 17407
76 16383
77 17407
78 17407
79 17407
80 16383
81 16383
82 15359
83 13311
84 12287
85 9215
86 10239
87 7167
88 7167
89 5119
90 3071
91 2046
92 1017
93 1003
94 996
95 992
96 985
97 978
98 968
99 956
100 941
101 930
102 927
103 915
104 907
105 905
106 895
107 888
108 881
109 878
110 872
111 865
112 856
113 845
114 837
115 826
116 820
117 812
118 809
119 804
120 798
121 792
122 788
123 785
124 783
125 780
126 763
127 741
128 512  # compresses ieta bin 2, pt 0
129 19455
130 19455
131 20479
132 20479
133 21503
134 19455
135 20479
136 19455
137 19455
138 19455
139 19455
140 17407
141 18431
142 18431
143 18431
144 17407
145 17407
146 16383
147 14335
148 13311
149 11263
150 11263
151 8191
152 8191
153 6143
154 4095
155 3071
156 1022
157 1009
158 1004
159 996
160 989
161 986
162 972
163 959
164 948
165 937
166 931
167 921
168 913
169 908
170 900
171 893
172 887
173 883
174 877
175 870
176 860
177 849
178 841
179 830
180 824
181 818
182 812
183 807
184 802
185 797
186 793
187 789
188 785
189 784
190 765
191 743
192 512  # compresses ieta bin 3, pt 0
193 20479
194 20479
195 20479
196 21503
197 21503
198 20479
199 20479
200 20479
201 20479
202 20479
203 20479
204 18431
205 19455
206 19455
207 19455
208 18431
209 18431
210 17407
211 15359
212 15359
213 12287
214 12287
215 10239
216 10239
217 7167
218 5119
219 3071
220 2047
221 1013
222 1009
223 1000
224 993
225 986
226 972
227 963
228 948
229 937
230 931
231 921
232 913
233 908
234 900
235 893
236 887
237 883
238 877
239 870
240 860
241 849
242 841
243 830
244 824
245 818
246 812
247 807
248 802
249 797
250 793
251 789
252 785
253 784
254 765
255 743
256 512  # compresses ieta bin 4, pt 0
257 21503
258 21503
259 21503
260 22527
261 22527
262 21503
263 22527
264 21503
265 21503
266 21503
267 21503
268 20479
269 20479
270 21503
271 20479
272 18431
273 18431
274 18431
275 16383
276 15359
277 12287
278 12287
279 10239
280 10239
281 7167
282 5119
283 4095
284 2047
285 1013
286 1009
287 1000
288 993
289 986
290 976
291 963
292 948
293 937
294 934
295 921
296 913
297 911
298 901
299 893
300 889
301 886
302 880
303 873
304 862
305 851
306 843
307 832
308 825
309 818
310 814
311 809
312 802
313 797
314 794
315 789
316 787
317 784
318 766
319 744
320 512  # compresses ieta bin 5, pt 0
321 22527
322 22527
323 22527
324 23551
325 23551
326 22527
327 22527
328 22527
329 21503
330 21503
331 21503
332 20479
333 21503
334 21503
335 20479
336 18431
337 18431
338 18431
339 16383
340 15359
341 13311
342 13311
343 11263
344 11263
345 8191
346 6143
347 4095
348 3071
349 1017
350 1013
351 1005
352 997
353 994
354 984
355 971
356 955
357 947
358 944
359 934
360 925
361 920
362 912
363 904
364 900
365 896
366 892
367 887
368 874
369 858
370 849
371 838
372 831
373 823
374 819
375 812
376 806
377 800
378 796
379 792
380 790
381 786
382 769
383 747
384 512  # compresses ieta bin 6, pt 0
385 22527
386 22527
387 23551
388 23551
389 24575
390 23551
391 23551
392 22527
393 22527
394 22527
395 22527
396 20479
397 21503
398 21503
399 20479
400 19455
401 19455
402 19455
403 17407
404 16383
405 14335
406 14335
407 12287
408 12287
409 10239
410 7167
411 6143
412 4095
413 2046
414 1018
415 1013
416 1006
417 998
418 988
419 974
420 962
421 954
422 947
423 937
424 931
425 923
426 915
427 907
428 903
429 899
430 897
431 889
432 874
433 860
434 851
435 838
436 831
437 825
438 821
439 814
440 807
441 801
442 799
443 795
444 791
445 788
446 770
447 749
448 512  # compresses ieta bin 7, pt 0
449 22527
450 23551
451 24575
452 24575
453 25599
454 24575
455 24575
456 23551
457 22527
458 22527
459 22527
460 20479
461 21503
462 21503
463 20479
464 19455
465 19455
466 19455
467 17407
468 17407
469 15359
470 15359
471 13311
472 13311
473 11263
474 8191
475 7167
476 5119
477 3071
478 1022
479 1018
480 1010
481 1006
482 991
483 982
484 966
485 958
486 950
487 940
488 934
489 928
490 920
491 913
492 908
493 904
494 900
495 892
496 876
497 862
498 853
499 842
500 835
501 830
502 824
503 817
504 809
505 803
506 799
507 795
508 792
509 789
510 771
511 749
512 512  # compresses ieta bin 8, pt 0
513 22527
514 23551
515 24575
516 25599
517 26623
518 25599
519 25599
520 25599
521 24575
522 23551
523 23551
524 21503
525 22527
526 21503
527 21503
528 19455
529 19455
530 19455
531 18431
532 17407
533 15359
534 16383
535 15359
536 14335
537 12287
538 10239
539 8191
540 6143
541 4095
542 3071
543 2046
544 1014
545 1010
546 999
547 982
548 966
549 958
550 950
551 940
552 934
553 928
554 920
555 913
556 908
557 904
558 900
559 892
560 876
561 862
562 853
563 842
564 835
565 830
566 824
567 817
568 809
569 803
570 799
571 795
572 792
573 789
574 771
575 749
576 512  # compresses ieta bin 9, pt 0
577 23551
578 24575
579 26623
580 27647
581 28671
582 27647
583 27647
584 27647
585 25599
586 24575
587 24575
588 24575
589 24575
590 24575
591 23551
592 22527
593 22527
594 22527
595 21503
596 20479
597 18431
598 18431
599 16383
600 16383
601 14335
602 12287
603 11263
604 10239
605 7167
606 6143
607 6143
608 4095
609 1022
610 1011
611 989
612 973
613 961
614 954
615 947
616 940
617 934
618 929
619 924
620 919
621 909
622 905
623 899
624 887
625 873
626 864
627 853
628 846
629 834
630 829
631 824
632 818
633 812
634 807
635 805
636 801
637 798
638 779
639 765
640 512  # compresses ieta bin 10, pt 0
641 25599
642 27647
643 28671
644 29695
645 30719
646 29695
647 29695
648 29695
649 28671
650 28671
651 28671
652 26623
653 27647
654 27647
655 27647
656 26623
657 27647
658 28671
659 26623
660 25599
661 23551
662 23551
663 20479
664 21503
665 19455
666 16383
667 15359
668 13311
669 11263
670 10239
671 9215
672 7167
673 5119
674 2046
675 1008
676 990
677 982
678 980
679 969
680 965
681 955
682 946
683 937
684 929
685 922
686 918
687 906
688 892
689 881
690 876
691 867
692 861
693 850
694 841
695 835
696 830
697 824
698 819
699 815
700 809
701 804
702 786
703 774
704 512  # compresses ieta bin 11, pt 0
705 27647
706 28671
707 30719
708 31743
709 32767
710 30719
711 31743
712 30719
713 29695
714 29695
715 30719
716 28671
717 29695
718 29695
719 29695
720 28671
721 28671
722 28671
723 27647
724 27647
725 25599
726 24575
727 22527
728 23551
729 21503
730 18431
731 18431
732 16383
733 15359
734 13311
735 11263
736 9215
737 7167
738 3071
739 1019
740 1001
741 992
742 986
743 978
744 968
745 961
746 955
747 946
748 940
749 932
750 928
751 918
752 905
753 894
754 888
755 879
756 870
757 861
758 852
759 845
760 837
761 830
762 825
763 820
764 815
765 810
766 791
767 780
768 512  # compresses ieta bin 12, pt 0
769 31743
770 32767
771 33791
772 34815
773 34815
774 33791
775 34815
776 34815
777 34815
778 33791
779 34815
780 33791
781 34815
782 35839
783 35839
784 33791
785 33791
786 32767
787 31743
788 31743
789 30719
790 28671
791 26623
792 26623
793 24575
794 22527
795 22527
796 21503
797 19455
798 18431
799 16383
800 14335
801 12287
802 9215
803 6143
804 2047
805 1016
806 1013
807 1000
808 992
809 987
810 977
811 968
812 959
813 951
814 945
815 930
816 917
817 905
818 901
819 889
820 878
821 866
822 857
823 850
824 842
825 835
826 831
827 828
828 821
829 817
830 797
831 785
832 512  # compresses ieta bin 13, pt 0
833 33791
834 33791
835 35839
836 35839
837 36863
838 35839
839 36863
840 36863
841 35839
842 35839
843 36863
844 35839
845 36863
846 37887
847 37887
848 35839
849 35839
850 35839
851 34815
852 34815
853 32767
854 31743
855 29695
856 29695
857 27647
858 25599
859 25599
860 24575
861 22527
862 21503
863 19455
864 17407
865 15359
866 12287
867 10239
868 7167
869 4095
870 2047
871 1016
872 1007
873 1002
874 994
875 984
876 977
877 969
878 963
879 949
880 937
881 920
882 911
883 898
884 887
885 875
886 865
887 858
888 853
889 844
890 841
891 836
892 831
893 826
894 806
895 786
896 512  # compresses ieta bin 14, pt 0
897 34815
898 35839
899 36863
900 37887
901 38911
902 37887
903 38911
904 38911
905 37887
906 37887
907 38911
908 37887
909 38911
910 39935
911 39935
912 38911
913 37887
914 37887
915 36863
916 36863
917 34815
918 34815
919 32767
920 32767
921 30719
922 29695
923 29695
924 28671
925 26623
926 25599
927 22527
928 20479
929 18431
930 15359
931 13311
932 9215
933 7167
934 5119
935 1023
936 1016
937 1011
938 1000
939 990
940 983
941 974
942 970
943 956
944 944
945 927
946 917
947 904
948 893
949 880
950 871
951 865
952 860
953 850
954 847
955 843
956 837
957 832
958 812
959 790
960 512  # compresses ieta bin 15, pt 0
961 36863
962 37887
963 39935
964 39935
965 40959
966 40959
967 41983
968 41983
969 40959
970 40959
971 41983
972 40959
973 41983
974 43007
975 43007
976 40959
977 40959
978 40959
979 39935
980 39935
981 37887
982 37887
983 35839
984 35839
985 34815
986 33791
987 33791
988 33791
989 32767
990 31743
991 30719
992 27647
993 25599
994 23551
995 21503
996 18431
997 16383
998 14335
999 11263
1000 9215
1001 7167
1002 3071
1003 1020
1004 1012
1005 1002
1006 998
1007 987
1008 973
1009 957
1010 948
1011 934
1012 924
1013 911
1014 900
1015 895
1016 888
1017 879
1018 876
1019 869
1020 863
1021 859
1022 836
1023 812
1024 512  # compresses ieta bin 16, pt 0
1025 37887
1026 38911
1027 40959
1028 41983
1029 41983
1030 41983
1031 43007
1032 44031
1033 43007
1034 43007
1035 44031
1036 43007
1037 44031
1038 45055
1039 45055
1040 44031
1041 44031
1042 43007
1043 41983
1044 43007
1045 40959
1046 40959
1047 38911
1048 39935
1049 37887
1050 36863
1051 36863
1052 36863
1053 36863
1054 35839
1055 34815
1056 32767
1057 30719
1058 27647
1059 26623
1060 23551
1061 21503
1062 19455
1063 16383
1064 13311
1065 11263
1066 8191
1067 4095
1068 2046
1069 1013
1070 1008
1071 997
1072 982
1073 967
1074 956
1075 943
1076 934
1077 920
1078 910
1079 903
1080 898
1081 887
1082 884
1083 879
1084 871
1085 867
1086 845
1087 821
1088 512  # compresses ieta bin 17, pt 0
1089 34815
1090 35839
1091 37887
1092 37887
1093 38911
1094 38911
1095 39935
1096 39935
1097 38911
1098 38911
1099 39935
1100 37887
1101 39935
1102 39935
1103 39935
1104 38911
1105 38911
1106 37887
1107 36863
1108 35839
1109 34815
1110 33791
1111 31743
1112 31743
1113 30719
1114 28671
1115 28671
1116 27647
1117 25599
1118 24575
1119 22527
1120 20479
1121 18431
1122 16383
1123 14335
1124 11263
1125 8191
1126 6143
1127 3071
1128 1017
1129 1014
1130 1006
1131 992
1132 985
1133 976
1134 973
1135 961
1136 948
1137 935
1138 925
1139 912
1140 900
1141 886
1142 876
1143 868
1144 863
1145 855
1146 850
1147 846
1148 841
1149 836
1150 817
1151 795
1152 512  # compresses ieta bin 18, pt 0
1153 35839
1154 36863
1155 37887
1156 37887
1157 38911
1158 37887
1159 39935
1160 39935
1161 38911
1162 37887
1163 38911
1164 37887
1165 38911
1166 39935
1167 39935
1168 37887
1169 37887
1170 36863
1171 35839
1172 35839
1173 33791
1174 32767
1175 31743
1176 31743
1177 29695
1178 27647
1179 27647
1180 26623
1181 25599
1182 24575
1183 22527
1184 20479
1185 18431
1186 16383
1187 13311
1188 9215
1189 6143
1190 4095
1191 1022
1192 1013
1193 1005
1194 997
1195 984
1196 977
1197 969
1198 965
1199 954
1200 940
1201 931
1202 917
1203 904
1204 891
1205 875
1206 867
1207 860
1208 853
1209 844
1210 839
1211 833
1212 828
1213 824
1214 804
1215 783
1216 512  # compresses ieta bin 19, pt 0
1217 34815
1218 35839
1219 37887
1220 36863
1221 36863
1222 36863
1223 36863
1224 36863
1225 35839
1226 35839
1227 35839
1228 33791
1229 34815
1230 35839
1231 35839
1232 34815
1233 33791
1234 33791
1235 32767
1236 32767
1237 30719
1238 29695
1239 28671
1240 28671
1241 25599
1242 23551
1243 22527
1244 21503
1245 20479
1246 18431
1247 17407
1248 14335
1249 12287
1250 9215
1251 6143
1252 2047
1253 1016
1254 1010
1255 998
1256 986
1257 978
1258 969
1259 962
1260 954
1261 945
1262 943
1263 930
1264 917
1265 901
1266 892
1267 885
1268 872
1269 857
1270 850
1271 842
1272 834
1273 830
1274 825
1275 819
1276 815
1277 809
1278 790
1279 770
1280 512  # compresses ieta bin 20, pt 0
1281 34815
1282 35839
1283 36863
1284 36863
1285 36863
1286 35839
1287 36863
1288 35839
1289 34815
1290 34815
1291 34815
1292 32767
1293 33791
1294 34815
1295 33791
1296 32767
1297 32767
1298 31743
1299 30719
1300 30719
1301 28671
1302 27647
1303 26623
1304 25599
1305 23551
1306 21503
1307 20479
1308 19455
1309 17407
1310 15359
1311 13311
1312 10239
1313 8191
1314 5119
1315 1022
1316 1001
1317 995
1318 990
1319 978
1320 968
1321 961
1322 954
1323 943
1324 932
1325 922
1326 920
1327 911
1328 899
1329 888
1330 876
1331 869
1332 859
1333 848
1334 841
1335 834
1336 828
1337 823
1338 815
1339 810
1340 803
1341 798
1342 780
1343 759
1344 512  # compresses ieta bin 21, pt 0
1345 33791
1346 33791
1347 35839
1348 34815
1349 34815
1350 33791
1351 34815
1352 33791
1353 31743
1354 30719
1355 30719
1356 29695
1357 30719
1358 31743
1359 30719
1360 29695
1361 29695
1362 29695
1363 27647
1364 26623
1365 24575
1366 23551
1367 19455
1368 19455
1369 17407
1370 15359
1371 14335
1372 13311
1373 11263
1374 9215
1375 8191
1376 6143
1377 2047
1378 1011
1379 997
1380 983
1381 978
1382 973
1383 962
1384 953
1385 949
1386 940
1387 926
1388 919
1389 912
1390 910
1391 901
1392 887
1393 875
1394 864
1395 855
1396 848
1397 839
1398 836
1399 829
1400 823
1401 812
1402 803
1403 798
1404 790
1405 785
1406 769
1407 748
1408 512  # compresses ieta bin 22, pt 0
1409 29695
1410 29695
1411 30719
1412 30719
1413 31743
1414 30719
1415 31743
1416 32767
1417 30719
1418 28671
1419 28671
1420 25599
1421 26623
1422 26623
1423 26623
1424 23551
1425 23551
1426 23551
1427 22527
1428 21503
1429 20479
1430 19455
1431 15359
1432 15359
1433 12287
1434 10239
1435 8191
1436 7167
1437 6143
1438 3071
1439 1022
1440 1010
1441 998
1442 984
1443 974
1444 962
1445 958
1446 954
1447 940
1448 931
1449 926
1450 920
1451 910
1452 903
1453 896
1454 892
1455 887
1456 876
1457 860
1458 851
1459 844
1460 837
1461 828
1462 822
1463 814
1464 807
1465 798
1466 793
1467 788
1468 781
1469 774
1470 755
1471 734
1472 512  # compresses ieta bin 23, pt 0
1473 27647
1474 26623
1475 28671
1476 26623
1477 27647
1478 26623
1479 26623
1480 27647
1481 25599
1482 25599
1483 25599
1484 23551
1485 24575
1486 24575
1487 23551
1488 20479
1489 20479
1490 19455
1491 18431
1492 16383
1493 14335
1494 13311
1495 9215
1496 9215
1497 6143
1498 3071
1499 2045
1500 1017
1501 1013
1502 1004
1503 996
1504 989
1505 982
1506 964
1507 956
1508 944
1509 937
1510 934
1511 918
1512 910
1513 905
1514 900
1515 885
1516 879
1517 870
1518 867
1519 860
1520 851
1521 834
1522 829
1523 824
1524 818
1525 807
1526 802
1527 797
1528 793
1529 784
1530 778
1531 775
1532 766
1533 762
1534 740
1535 718
1536 512  # compresses ieta bin 24, pt 0
1537 25599
1538 23551
1539 25599
1540 23551
1541 23551
1542 22527
1543 22527
1544 22527
1545 20479
1546 19455
1547 19455
1548 17407
1549 17407
1550 17407
1551 16383
1552 14335
1553 14335
1554 14335
1555 13311
1556 11263
1557 11263
1558 9215
1559 5119
1560 5119
1561 3071
1562 1016
1563 1011
1564 1002
1565 994
1566 982
1567 979
1568 968
1569 961
1570 953
1571 941
1572 930
1573 924
1574 921
1575 906
1576 898
1577 893
1578 889
1579 877
1580 868
1581 860
1582 857
1583 851
1584 840
1585 823
1586 819
1587 812
1588 809
1589 796
1590 792
1591 787
1592 783
1593 774
1594 767
1595 765
1596 756
1597 753
1598 731
1599 710
1600 512  # compresses ieta bin 25, pt 0
1601 35839
1602 34815
1603 35839
1604 34815
1605 35839
1606 34815
1607 34815
1608 35839
1609 33791
1610 33791
1611 33791
1612 31743
1613 33791
1614 32767
1615 32767
1616 31743
1617 31743
1618 32767
1619 32767
1620 31743
1621 31743
1622 22527
1623 18431
1624 18431
1625 17407
1626 15359
1627 14335
1628 13311
1629 11263
1630 9215
1631 9215
1632 989
1633 982
1634 968
1635 959
1636 951
1637 944
1638 937
1639 925
1640 916
1641 911
1642 906
1643 893
1644 887
1645 873
1646 857
1647 851
1648 842
1649 825
1650 821
1651 816
1652 812
1653 803
1654 797
1655 794
1656 790
1657 780
1658 776
1659 773
1660 767
1661 761
1662 740
1663 717
1664 512  # compresses ieta bin 26, pt 0
1665 39935
1666 37887
1667 39935
1668 38911
1669 39935
1670 38911
1671 39935
1672 40959
1673 38911
1674 38911
1675 39935
1676 37887
1677 39935
1678 39935
1679 39935
1680 37887
1681 38911
1682 39935
1683 40959
1684 39935
1685 40959
1686 31743
1687 28671
1688 29695
1689 28671
1690 25599
1691 25599
1692 24575
1693 24575
1694 22527
1695 23551
1696 14335
1697 13311
1698 10239
1699 8191
1700 5119
1701 3071
1702 1023
1703 1010
1704 1001
1705 996
1706 989
1707 976
1708 969
1709 945
1710 915
1711 908
1712 896
1713 881
1714 878
1715 871
1716 868
1717 862
1718 859
1719 855
1720 853
1721 844
1722 839
1723 836
1724 830
1725 822
1726 799
1727 752
1728 512  # compresses ieta bin 27, pt 0
1729 47103
1730 45055
1731 47103
1732 45055
1733 45055
1734 44031
1735 45055
1736 47103
1737 46079
1738 46079
1739 47103
1740 45055
1741 47103
1742 48127
1743 48127
1744 47103
1745 48127
1746 49151
1747 50175
1748 50175
1749 51199
1750 46079
1751 43007
1752 45055
1753 44031
1754 43007
1755 44031
1756 44031
1757 45055
1758 44031
1759 45055
1760 30719
1761 28671
1762 26623
1763 24575
1764 23551
1765 23551
1766 23551
1767 21503
1768 19455
1769 18431
1770 16383
1771 14335
1772 12287
1773 8191
1774 2047
1775 1021
1776 1012
1777 1017
1778 1007
1779 1006
1780 995
1781 986
1782 979
1783 974
1784 969
1785 967
1786 958
1787 949
1788 936
1789 923
1790 891
1791 836
1792 512  # compresses ieta bin 28, pt 0
1793 3071
1794 971
1795 942
1796 932
1797 898
1798 877
1799 860
1800 844
1801 829
1802 816
1803 814
1804 803
1805 793
1806 791
1807 790
1808 783
1809 789
1810 788
1811 786
1812 785
1813 785
1814 784
1815 783
1816 783
1817 782
1818 781
1819 781
1820 775
1821 770
1822 766
1823 766
1824 758
1825 758
1826 755
1827 752
1828 742
1829 739
1830 734
1831 729
1832 721
1833 714
1834 713
1835 706
1836 700
1837 700
1838 694
1839 693
1840 683
1841 679
1842 675
1843 672
1844 661
1845 657
1846 652
1847 647
1848 642
1849 636
1850 633
1851 630
1852 628
1853 624
1854 607
1855 593
1856 512  # compresses ieta bin 29, pt 0
1857 10239
1858 8191
1859 5119
1860 5119
1861 3071
1862 1019
1863 1006
1864 995
1865 985
1866 965
1867 958
1868 951
1869 944
1870 937
1871 924
1872 918
1873 905
1874 896
1875 868
1876 855
1877 850
1878 846
1879 825
1880 817
1881 815
1882 802
1883 791
1884 785
1885 776
1886 770
1887 766
1888 762
1889 758
1890 751
1891 741
1892 734
1893 726
1894 717
1895 710
1896 703
1897 702
1898 698
1899 696
1900 692
1901 689
1902 687
1903 676
1904 670
1905 664
1906 659
1907 654
1908 648
1909 646
1910 640
1911 637
1912 634
1913 630
1914 622
1915 622
1916 621
1917 619
1918 605
1919 589
1920 512  # compresses ieta bin 30, pt 0
1921 10239
1922 8191
1923 5119
1924 4095
1925 2047
1926 1018
1927 995
1928 985
1929 974
1930 955
1931 948
1932 941
1933 934
1934 928
1935 914
1936 901
1937 896
1938 889
1939 860
1940 848
1941 844
1942 840
1943 825
1944 817
1945 809
1946 798
1947 791
1948 785
1949 775
1950 766
1951 766
1952 758
1953 758
1954 751
1955 741
1956 734
1957 726
1958 717
1959 710
1960 706
1961 702
1962 701
1963 698
1964 695
1965 692
1966 687
1967 679
1968 672
1969 666
1970 663
1971 658
1972 654
1973 649
1974 646
1975 644
1976 640
1977 637
1978 630
1979 629
1980 628
1981 627
1982 613
1983 596
1984 512  # compresses ieta bin 31, pt 0
1985 7167
1986 3071
1987 1017
1988 1005
1989 991
1990 955
1991 935
1992 926
1993 908
1994 891
1995 886
1996 872
1997 869
1998 865
1999 854
2000 849
2001 839
2002 834
2003 816
2004 799
2005 791
2006 790
2007 777
2008 765
2009 760
2010 755
2011 750
2012 746
2013 738
2014 735
2015 736
2016 733
2017 726
2018 720
2019 715
2020 703
2021 695
2022 688
2023 685
2024 681
2025 681
2026 678
2027 679
2028 674
2029 674
2030 672
2031 667
2032 661
2033 660
2034 657
2035 652
2036 646
2037 644
2038 640
2039 637
2040 634
2041 631
2042 624
2043 623
2044 622
2045 620
2046 607
2047 590
2048 512  # compresses ieta bin 32, pt 0
2049 4095
2050 1002
2051 971
2052 960
2053 938
2054 915
2055 896
2056 880
2057 864
2058 848
2059 846
2060 834
2061 831
2062 827
2063 817
2064 807
2065 806
2066 796
2067 786
2068 766
2069 759
2070 759
2071 748
2072 737
2073 733
2074 729
2075 720
2076 717
2077 710
2078 708
2079 706
2080 708
2081 701
2082 697
2083 689
2084 681
2085 671
2086 665
2087 665
2088 660
2089 658
2090 659
2091 657
2092 655
2093 656
2094 654
2095 650
2096 647
2097 645
2098 643
2099 640
2100 637
2101 633
2102 630
2103 629
2104 624
2105 622
2106 615
2107 614
2108 613
2109 612
2110 601
2111 585
2112 512  # compresses ieta bin 33, pt 0
2113 4095
2114 1002
2115 971
2116 960
2117 938
2118 915
2119 896
2120 880
2121 864
2122 848
2123 846
2124 834
2125 831
2126 827
2127 817
2128 807
2129 806
2130 796
2131 786
2132 766
2133 759
2134 759
2135 748
2136 737
2137 733
2138 729
2139 720
2140 717
2141 710
2142 708
2143 706
2144 708
2145 701
2146 697
2147 689
2148 681
2149 671
2150 665
2151 665
2152 660
2153 658
2154 659
2155 657
2156 655
2157 656
2158 654
2159 650
2160 647
2161 645
2162 643
2163 642
2164 637
2165 635
2166 632
2167 629
2168 626
2169 622
2170 615
2171 614
2172 614
2173 612
2174 598
2175 580
2176 512  # compresses ieta bin 34, pt 0
2177 7167
2178 3071
2179 1002
2180 991
2181 977
2182 943
2183 922
2184 914
2185 897
2186 880
2187 876
2188 862
2189 858
2190 855
2191 843
2192 832
2193 823
2194 819
2195 801
2196 785
2197 778
2198 771
2199 760
2200 748
2201 744
2202 739
2203 735
2204 728
2205 724
2206 721
2207 718
2208 716
2209 714
2210 708
2211 700
2212 692
2213 685
2214 678
2215 675
2216 672
2217 672
2218 670
2219 670
2220 668
2221 666
2222 667
2223 662
2224 658
2225 655
2226 655
2227 650
2228 646
2229 642
2230 639
2231 637
2232 634
2233 631
2234 622
2235 622
2236 617
2237 616
2238 602
2239 583
2240 512  # compresses ieta bin 35, pt 0
2241 11263
2242 7167
2243 4095
2244 4095
2245 2047
2246 1006
2247 982
2248 962
2249 952
2250 933
2251 927
2252 912
2253 906
2254 901
2255 889
2256 883
2257 872
2258 858
2259 839
2260 827
2261 824
2262 821
2263 807
2264 794
2265 787
2266 786
2267 776
2268 770
2269 762
2270 762
2271 758
2272 758
2273 750
2274 747
2275 733
2276 724
2277 715
2278 707
2279 703
2280 693
2281 687
2282 687
2283 681
2284 679
2285 676
2286 677
2287 671
2288 668
2289 662
2290 659
2291 656
2292 650
2293 646
2294 642
2295 639
2296 636
2297 628
2298 609
2299 609
2300 585
2301 584
2302 593
2303 577
2304 512  # compresses ieta bin 36, pt 0
2305 11263
2306 8191
2307 5119
2308 5119
2309 3071
2310 1018
2311 994
2312 984
2313 964
2314 946
2315 948
2316 932
2317 927
2318 928
2319 914
2320 902
2321 896
2322 881
2323 860
2324 848
2325 838
2326 834
2327 820
2328 811
2329 804
2330 797
2331 786
2332 780
2333 775
2334 770
2335 766
2336 766
2337 758
2338 751
2339 737
2340 727
2341 719
2342 711
2343 706
2344 697
2345 693
2346 690
2347 687
2348 681
2349 679
2350 679
2351 674
2352 670
2353 664
2354 657
2355 650
2356 644
2357 639
2358 633
2359 630
2360 626
2361 619
2362 600
2363 600
2364 578
2365 574
2366 585
2367 575
2368 512  # compresses ieta bin 37, pt 0
2369 13311
2370 9215
2371 7167
2372 7167
2373 5119
2374 3071
2375 1020
2376 1008
2377 996
2378 976
2379 968
2380 951
2381 945
2382 946
2383 940
2384 926
2385 913
2386 904
2387 882
2388 868
2389 863
2390 853
2391 837
2392 828
2393 820
2394 813
2395 802
2396 795
2397 789
2398 784
2399 784
2400 779
2401 766
2402 759
2403 744
2404 731
2405 722
2406 714
2407 710
2408 699
2409 690
2410 690
2411 684
2412 679
2413 679
2414 677
2415 669
2416 665
2417 649
2418 638
2419 633
2420 625
2421 621
2422 615
2423 612
2424 607
2425 600
2426 583
2427 582
2428 561
2429 561
2430 573
2431 569
2432 512  # compresses ieta bin 38, pt 0
2433 20479
2434 16383
2435 14335
2436 12287
2437 10239
2438 8191
2439 7167
2440 6143
2441 3071
2442 1010
2443 1000
2444 981
2445 982
2446 974
2447 967
2448 960
2449 946
2450 928
2451 903
2452 889
2453 877
2454 871
2455 855
2456 839
2457 831
2458 823
2459 811
2460 804
2461 794
2462 788
2463 788
2464 783
2465 770
2466 763
2467 748
2468 734
2469 726
2470 717
2471 710
2472 702
2473 693
2474 693
2475 670
2476 660
2477 656
2478 654
2479 647
2480 643
2481 628
2482 616
2483 603
2484 596
2485 590
2486 584
2487 581
2488 577
2489 570
2490 551
2491 552
2492 532
2493 532
2494 545
2495 542
2496 512  # compresses ieta bin 39, pt 0
2497 20479
2498 15359
2499 13311
2500 11263
2501 10239
2502 8191
2503 6143
2504 5119
2505 3071
2506 1019
2507 1009
2508 990
2509 982
2510 976
2511 968
2512 960
2513 946
2514 935
2515 911
2516 896
2517 890
2518 878
2519 867
2520 851
2521 842
2522 833
2523 821
2524 814
2525 803
2526 798
2527 797
2528 796
2529 783
2530 774
2531 759
2532 745
2533 736
2534 727
2535 722
2536 712
2537 702
2538 701
2539 684
2540 676
2541 674
2542 672
2543 664
2544 661
2545 647
2546 636
2547 623
2548 614
2549 608
2550 603
2551 599
2552 596
2553 590
2554 571
2555 570
2556 552
2557 550
2558 563
2559 559
2560 0 # dummy
2561 0 # dummy
2562 0 # dummy
2563 0 # dummy
2564 0 # dummy
2565 0 # dummy
2566 0 # dummy
2567 0 # dummy
2568 0 # dummy
2569 0 # dummy
2570 0 # dummy
2571 0 # dummy
2572 0 # dummy
2573 0 # dummy
2574 0 # dummy
2575 0 # dummy
2576 0 # dummy
2577 0 # dummy
2578 0 # dummy
2579 0 # dummy
2580 0 # dummy
2581 0 # dummy
2582 0 # dummy
2583 0 # dummy
2584 0 # dummy
2585 0 # dummy
2586 0 # dummy
2587 0 # dummy
2588 0 # dummy
2589 0 # dummy
2590 0 # dummy
2591 0 # dummy
2592 0 # dummy
2593 0 # dummy
2594 0 # dummy
2595 0 # dummy
2596 0 # dummy
2597 0 # dummy
2598 0 # dummy
2599 0 # dummy
2600 0 # dummy
2601 0 # dummy
2602 0 # dummy
2603 0 # dummy
2604 0 # dummy
2605 0 # dummy
2606 0 # dummy
2607 0 # dummy
2608 0 # dummy
2609 0 # dummy
2610 0 # dummy
2611 0 # dummy
2612 0 # dummy
2613 0 # dummy
2614 0 # dummy
2615 0 # dummy
2616 0 # dummy
2617 0 # dummy
2618 0 # dummy
2619 0 # dummy
2620 0 # dummy
2621 0 # dummy
2622 0 # dummy
2623 0 # dummy
2624 0 # dummy
2625 0 # dummy
2626 0 # dummy
2627 0 # dummy
2628 0 # dummy
2629 0 # dummy
2630 0 # dummy
2631 0 # dummy
2632 0 # dummy
2633 0 # dummy
2634 0 # dummy
2635 0 # dummy
2636 0 # dummy
2637 0 # dummy
2638 0 # dummy
2639 0 # dummy
2640 0 # dummy
2641 0 # dummy
2642 0 # dummy
2643 0 # dummy
2644 0 # dummy
2645 0 # dummy
2646 0 # dummy
2647 0 # dummy
2648 0 # dummy
2649 0 # dummy
2650 0 # dummy
2651 0 # dummy
2652 0 # dummy
2653 0 # dummy
2654 0 # dummy
2655 0 # dummy
2656 0 # dummy
2657 0 # dummy
2658 0 # dummy
2659 0 # dummy
2660 0 # dummy
2661 0 # dummy
2662 0 # dummy
2663 0 # dummy
2664 0 # dummy
2665 0 # dummy
2666 0 # dummy
2667 0 # dummy
2668 0 # dummy
2669 0 # dummy
2670 0 # dummy
2671 0 # dummy
2672 0 # dummy
2673 0 # dummy
2674 0 # dummy
2675 0 # dummy
2676 0 # dummy
2677 0 # dummy
2678 0 # dummy
2679 0 # dummy
2680 0 # dummy
2681 0 # dummy
2682 0 # dummy
2683 0 # dummy
2684 0 # dummy
2685 0 # dummy
2686 0 # dummy
2687 0 # dummy
2688 0 # dummy
2689 0 # dummy
2690 0 # dummy
2691 0 # dummy
2692 0 # dummy
2693 0 # dummy
2694 0 # dummy
2695 0 # dummy
2696 0 # dummy
2697 0 # dummy
2698 0 # dummy
2699 0 # dummy
2700 0 # dummy
2701 0 # dummy
2702 0 # dummy
2703 0 # dummy
2704 0 # dummy
2705 0 # dummy
2706 0 # dummy
2707 0 # dummy
2708 0 # dummy
2709 0 # dummy
2710 0 # dummy
2711 0 # dummy
2712 0 # dummy
2713 0 # dummy
2714 0 # dummy
2715 0 # dummy
2716 0 # dummy
2717 0 # dummy
2718 0 # dummy
2719 0 # dummy
2720 0 # dummy
2721 0 # dummy
2722 0 # dummy
2723 0 # dummy
2724 0 # dummy
2725 0 # dummy
2726 0 # dummy
2727 0 # dummy
2728 0 # dummy
2729 0 # dummy
2730 0 # dummy
2731 0 # dummy
2732 0 # dummy
2733 0 # dummy
2734 0 # dummy
2735 0 # dummy
2736 0 # dummy
2737 0 # dummy
2738 0 # dummy
2739 0 # dummy
2740 0 # dummy
2741 0 # dummy
2742 0 # dummy
2743 0 # dummy
2744 0 # dummy
2745 0 # dummy
2746 0 # dummy
2747 0 # dummy
2748 0 # dummy
2749 0 # dummy
2750 0 # dummy
2751 0 # dummy
2752 0 # dummy
2753 0 # dummy
2754 0 # dummy
2755 0 # dummy
2756 0 # dummy
2757 0 # dummy
2758 0 # dummy
2759 0 # dummy
2760 0 # dummy
2761 0 # dummy
2762 0 # dummy
2763 0 # dummy
2764 0 # dummy
2765 0 # dummy
2766 0 # dummy
2767 0 # dummy
2768 0 # dummy
2769 0 # dummy
2770 0 # dummy
2771 0 # dummy
2772 0 # dummy
2773 0 # dummy
2774 0 # dummy
2775 0 # dummy
2776 0 # dummy
2777 0 # dummy
2778 0 # dummy
2779 0 # dummy
2780 0 # dummy
2781 0 # dummy
2782 0 # dummy
2783 0 # dummy
2784 0 # dummy
2785 0 # dummy
2786 0 # dummy
2787 0 # dummy
2788 0 # dummy
2789 0 # dummy
2790 0 # dummy
2791 0 # dummy
2792 0 # dummy
2793 0 # dummy
2794 0 # dummy
2795 0 # dummy
2796 0 # dummy
2797 0 # dummy
2798 0 # dummy
2799 0 # dummy
2800 0 # dummy
2801 0 # dummy
2802 0 # dummy
2803 0 # dummy
2804 0 # dummy
2805 0 # dummy
2806 0 # dummy
2807 0 # dummy
2808 0 # dummy
2809 0 # dummy
2810 0 # dummy
2811 0 # dummy
2812 0 # dummy
2813 0 # dummy
2814 0 # dummy
2815 0 # dummy
2816 0 # dummy
2817 0 # dummy
2818 0 # dummy
2819 0 # dummy
2820 0 # dummy
2821 0 # dummy
2822 0 # dummy
2823 0 # dummy
2824 0 # dummy
2825 0 # dummy
2826 0 # dummy
2827 0 # dummy
2828 0 # dummy
2829 0 # dummy
2830 0 # dummy
2831 0 # dummy
2832 0 # dummy
2833 0 # dummy
2834 0 # dummy
2835 0 # dummy
2836 0 # dummy
2837 0 # dummy
2838 0 # dummy
2839 0 # dummy
2840 0 # dummy
2841 0 # dummy
2842 0 # dummy
2843 0 # dummy
2844 0 # dummy
2845 0 # dummy
2846 0 # dummy
2847 0 # dummy
2848 0 # dummy
2849 0 # dummy
2850 0 # dummy
2851 0 # dummy
2852 0 # dummy
2853 0 # dummy
2854 0 # dummy
2855 0 # dummy
2856 0 # dummy
2857 0 # dummy
2858 0 # dummy
2859 0 # dummy
2860 0 # dummy
2861 0 # dummy
2862 0 # dummy
2863 0 # dummy
2864 0 # dummy
2865 0 # dummy
2866 0 # dummy
2867 0 # dummy
2868 0 # dummy
2869 0 # dummy
2870 0 # dummy
2871 0 # dummy
2872 0 # dummy
2873 0 # dummy
2874 0 # dummy
2875 0 # dummy
2876 0 # dummy
2877 0 # dummy
2878 0 # dummy
2879 0 # dummy
2880 0 # dummy
2881 0 # dummy
2882 0 # dummy
2883 0 # dummy
2884 0 # dummy
2885 0 # dummy
2886 0 # dummy
2887 0 # dummy
2888 0 # dummy
2889 0 # dummy
2890 0 # dummy
2891 0 # dummy
2892 0 # dummy
2893 0 # dummy
2894 0 # dummy
2895 0 # dummy
2896 0 # dummy
2897 0 # dummy
2898 0 # dummy
2899 0 # dummy
2900 0 # dummy
2901 0 # dummy
2902 0 # dummy
2903 0 # dummy
2904 0 # dummy
2905 0 # dummy
2906 0 # dummy
2907 0 # dummy
2908 0 # dummy
2909 0 # dummy
2910 0 # dummy
2911 0 # dummy
2912 0 # dummy
2913 0 # dummy
2914 0 # dummy
2915 0 # dummy
2916 0 # dummy
2917 0 # dummy
2918 0 # dummy
2919 0 # dummy
2920 0 # dummy
2921 0 # dummy
2922 0 # dummy
2923 0 # dummy
2924 0 # dummy
2925 0 # dummy
2926 0 # dummy
2927 0 # dummy
2928 0 # dummy
2929 0 # dummy
2930 0 # dummy
2931 0 # dummy
2932 0 # dummy
2933 0 # dummy
2934 0 # dummy
2935 0 # dummy
2936 0 # dummy
2937 0 # dummy
2938 0 # dummy
2939 0 # dummy
2940 0 # dummy
2941 0 # dummy
2942 0 # dummy
2943 0 # dummy
2944 0 # dummy
2945 0 # dummy
2946 0 # dummy
2947 0 # dummy
2948 0 # dummy
2949 0 # dummy
2950 0 # dummy
2951 0 # dummy
2952 0 # dummy
2953 0 # dummy
2954 0 # dummy
2955 0 # dummy
2956 0 # dummy
2957 0 # dummy
2958 0 # dummy
2959 0 # dummy
2960 0 # dummy
2961 0 # dummy
2962 0 # dummy
2963 0 # dummy
2964 0 # dummy
2965 0 # dummy
2966 0 # dummy
2967 0 # dummy
2968 0 # dummy
2969 0 # dummy
2970 0 # dummy
2971 0 # dummy
2972 0 # dummy
2973 0 # dummy
2974 0 # dummy
2975 0 # dummy
2976 0 # dummy
2977 0 # dummy
2978 0 # dummy
2979 0 # dummy
2980 0 # dummy
2981 0 # dummy
2982 0 # dummy
2983 0 # dummy
2984 0 # dummy
2985 0 # dummy
2986 0 # dummy
2987 0 # dummy
2988 0 # dummy
2989 0 # dummy
2990 0 # dummy
2991 0 # dummy
2992 0 # dummy
2993 0 # dummy
2994 0 # dummy
2995 0 # dummy
2996 0 # dummy
2997 0 # dummy
2998 0 # dummy
2999 0 # dummy
3000 0 # dummy
3001 0 # dummy
3002 0 # dummy
3003 0 # dummy
3004 0 # dummy
3005 0 # dummy
3006 0 # dummy
3007 0 # dummy
3008 0 # dummy
3009 0 # dummy
3010 0 # dummy
3011 0 # dummy
3012 0 # dummy
3013 0 # dummy
3014 0 # dummy
3015 0 # dummy
3016 0 # dummy
3017 0 # dummy
3018 0 # dummy
3019 0 # dummy
3020 0 # dummy
3021 0 # dummy
3022 0 # dummy
3023 0 # dummy
3024 0 # dummy
3025 0 # dummy
3026 0 # dummy
3027 0 # dummy
3028 0 # dummy
3029 0 # dummy
3030 0 # dummy
3031 0 # dummy
3032 0 # dummy
3033 0 # dummy
3034 0 # dummy
3035 0 # dummy
3036 0 # dummy
3037 0 # dummy
3038 0 # dummy
3039 0 # dummy
3040 0 # dummy
3041 0 # dummy
3042 0 # dummy
3043 0 # dummy
3044 0 # dummy
3045 0 # dummy
3046 0 # dummy
3047 0 # dummy
3048 0 # dummy
3049 0 # dummy
3050 0 # dummy
3051 0 # dummy
3052 0 # dummy
3053 0 # dummy
3054 0 # dummy
3055 0 # dummy
3056 0 # dummy
3057 0 # dummy
3058 0 # dummy
3059 0 # dummy
3060 0 # dummy
3061 0 # dummy
3062 0 # dummy
3063 0 # dummy
3064 0 # dummy
3065 0 # dummy
3066 0 # dummy
3067 0 # dummy
3068 0 # dummy
3069 0 # dummy
3070 0 # dummy
3071 0 # dummy
3072 0 # dummy
3073 0 # dummy
3074 0 # dummy
3075 0 # dummy
3076 0 # dummy
3077 0 # dummy
3078 0 # dummy
3079 0 # dummy
3080 0 # dummy
3081 0 # dummy
3082 0 # dummy
3083 0 # dummy
3084 0 # dummy
3085 0 # dummy
3086 0 # dummy
3087 0 # dummy
3088 0 # dummy
3089 0 # dummy
3090 0 # dummy
3091 0 # dummy
3092 0 # dummy
3093 0 # dummy
3094 0 # dummy
3095 0 # dummy
3096 0 # dummy
3097 0 # dummy
3098 0 # dummy
3099 0 # dummy
3100 0 # dummy
3101 0 # dummy
3102 0 # dummy
3103 0 # dummy
3104 0 # dummy
3105 0 # dummy
3106 0 # dummy
3107 0 # dummy
3108 0 # dummy
3109 0 # dummy
3110 0 # dummy
3111 0 # dummy
3112 0 # dummy
3113 0 # dummy
3114 0 # dummy
3115 0 # dummy
3116 0 # dummy
3117 0 # dummy
3118 0 # dummy
3119 0 # dummy
3120 0 # dummy
3121 0 # dummy
3122 0 # dummy
3123 0 # dummy
3124 0 # dummy
3125 0 # dummy
3126 0 # dummy
3127 0 # dummy
3128 0 # dummy
3129 0 # dummy
3130 0 # dummy
3131 0 # dummy
3132 0 # dummy
3133 0 # dummy
3134 0 # dummy
3135 0 # dummy
3136 0 # dummy
3137 0 # dummy
3138 0 # dummy
3139 0 # dummy
3140 0 # dummy
3141 0 # dummy
3142 0 # dummy
3143 0 # dummy
3144 0 # dummy
3145 0 # dummy
3146 0 # dummy
3147 0 # dummy
3148 0 # dummy
3149 0 # dummy
3150 0 # dummy
3151 0 # dummy
3152 0 # dummy
3153 0 # dummy
3154 0 # dummy
3155 0 # dummy
3156 0 # dummy
3157 0 # dummy
3158 0 # dummy
3159 0 # dummy
3160 0 # dummy
3161 0 # dummy
3162 0 # dummy
3163 0 # dummy
3164 0 # dummy
3165 0 # dummy
3166 0 # dummy
3167 0 # dummy
3168 0 # dummy
3169 0 # dummy
3170 0 # dummy
3171 0 # dummy
3172 0 # dummy
3173 0 # dummy
3174 0 # dummy
3175 0 # dummy
3176 0 # dummy
3177 0 # dummy
3178 0 # dummy
3179 0 # dummy
3180 0 # dummy
3181 0 # dummy
3182 0 # dummy
3183 0 # dummy
3184 0 # dummy
3185 0 # dummy
3186 0 # dummy
3187 0 # dummy
3188 0 # dummy
3189 0 # dummy
3190 0 # dummy
3191 0 # dummy
3192 0 # dummy
3193 0 # dummy
3194 0 # dummy
3195 0 # dummy
3196 0 # dummy
3197 0 # dummy
3198 0 # dummy
3199 0 # dummy
3200 0 # dummy
3201 0 # dummy
3202 0 # dummy
3203 0 # dummy
3204 0 # dummy
3205 0 # dummy
3206 0 # dummy
3207 0 # dummy
3208 0 # dummy
3209 0 # dummy
3210 0 # dummy
3211 0 # dummy
3212 0 # dummy
3213 0 # dummy
3214 0 # dummy
3215 0 # dummy
3216 0 # dummy
3217 0 # dummy
3218 0 # dummy
3219 0 # dummy
3220 0 # dummy
3221 0 # dummy
3222 0 # dummy
3223 0 # dummy
3224 0 # dummy
3225 0 # dummy
3226 0 # dummy
3227 0 # dummy
3228 0 # dummy
3229 0 # dummy
3230 0 # dummy
3231 0 # dummy
3232 0 # dummy
3233 0 # dummy
3234 0 # dummy
3235 0 # dummy
3236 0 # dummy
3237 0 # dummy
3238 0 # dummy
3239 0 # dummy
3240 0 # dummy
3241 0 # dummy
3242 0 # dummy
3243 0 # dummy
3244 0 # dummy
3245 0 # dummy
3246 0 # dummy
3247 0 # dummy
3248 0 # dummy
3249 0 # dummy
3250 0 # dummy
3251 0 # dummy
3252 0 # dummy
3253 0 # dummy
3254 0 # dummy
3255 0 # dummy
3256 0 # dummy
3257 0 # dummy
3258 0 # dummy
3259 0 # dummy
3260 0 # dummy
3261 0 # dummy
3262 0 # dummy
3263 0 # dummy
3264 0 # dummy
3265 0 # dummy
3266 0 # dummy
3267 0 # dummy
3268 0 # dummy
3269 0 # dummy
3270 0 # dummy
3271 0 # dummy
3272 0 # dummy
3273 0 # dummy
3274 0 # dummy
3275 0 # dummy
3276 0 # dummy
3277 0 # dummy
3278 0 # dummy
3279 0 # dummy
3280 0 # dummy
3281 0 # dummy
3282 0 # dummy
3283 0 # dummy
3284 0 # dummy
3285 0 # dummy
3286 0 # dummy
3287 0 # dummy
3288 0 # dummy
3289 0 # dummy
3290 0 # dummy
3291 0 # dummy
3292 0 # dummy
3293 0 # dummy
3294 0 # dummy
3295 0 # dummy
3296 0 # dummy
3297 0 # dummy
3298 0 # dummy
3299 0 # dummy
3300 0 # dummy
3301 0 # dummy
3302 0 # dummy
3303 0 # dummy
3304 0 # dummy
3305 0 # dummy
3306 0 # dummy
3307 0 # dummy
3308 0 # dummy
3309 0 # dummy
3310 0 # dummy
3311 0 # dummy
3312 0 # dummy
3313 0 # dummy
3314 0 # dummy
3315 0 # dummy
3316 0 # dummy
3317 0 # dummy
3318 0 # dummy
3319 0 # dummy
3320 0 # dummy
3321 0 # dummy
3322 0 # dummy
3323 0 # dummy
3324 0 # dummy
3325 0 # dummy
3326 0 # dummy
3327 0 # dummy
3328 0 # dummy
3329 0 # dummy
3330 0 # dummy
3331 0 # dummy
3332 0 # dummy
3333 0 # dummy
3334 0 # dummy
3335 0 # dummy
3336 0 # dummy
3337 0 # dummy
3338 0 # dummy
3339 0 # dummy
3340 0 # dummy
3341 0 # dummy
3342 0 # dummy
3343 0 # dummy
3344 0 # dummy
3345 0 # dummy
3346 0 # dummy
3347 0 # dummy
3348 0 # dummy
3349 0 # dummy
3350 0 # dummy
3351 0 # dummy
3352 0 # dummy
3353 0 # dummy
3354 0 # dummy
3355 0 # dummy
3356 0 # dummy
3357 0 # dummy
3358 0 # dummy
3359 0 # dummy
3360 0 # dummy
3361 0 # dummy
3362 0 # dummy
3363 0 # dummy
3364 0 # dummy
3365 0 # dummy
3366 0 # dummy
3367 0 # dummy
3368 0 # dummy
3369 0 # dummy
3370 0 # dummy
3371 0 # dummy
3372 0 # dummy
3373 0 # dummy
3374 0 # dummy
3375 0 # dummy
3376 0 # dummy
3377 0 # dummy
3378 0 # dummy
3379 0 # dummy
3380 0 # dummy
3381 0 # dummy
3382 0 # dummy
3383 0 # dummy
3384 0 # dummy
3385 0 # dummy
3386 0 # dummy
3387 0 # dummy
3388 0 # dummy
3389 0 # dummy
3390 0 # dummy
3391 0 # dummy
3392 0 # dummy
3393 0 # dummy
3394 0 # dummy
3395 0 # dummy
3396 0 # dummy
3397 0 # dummy
3398 0 # dummy
3399 0 # dummy
3400 0 # dummy
3401 0 # dummy
3402 0 # dummy
3403 0 # dummy
3404 0 # dummy
3405 0 # dummy
3406 0 # dummy
3407 0 # dummy
3408 0 # dummy
3409 0 # dummy
3410 0 # dummy
3411 0 # dummy
3412 0 # dummy
3413 0 # dummy
3414 0 # dummy
3415 0 # dummy
3416 0 # dummy
3417 0 # dummy
3418 0 # dummy
3419 0 # dummy
3420 0 # dummy
3421 0 # dummy
3422 0 # dummy
3423 0 # dummy
3424 0 # dummy
3425 0 # dummy
3426 0 # dummy
3427 0 # dummy
3428 0 # dummy
3429 0 # dummy
3430 0 # dummy
3431 0 # dummy
3432 0 # dummy
3433 0 # dummy
3434 0 # dummy
3435 0 # dummy
3436 0 # dummy
3437 0 # dummy
3438 0 # dummy
3439 0 # dummy
3440 0 # dummy
3441 0 # dummy
3442 0 # dummy
3443 0 # dummy
3444 0 # dummy
3445 0 # dummy
3446 0 # dummy
3447 0 # dummy
3448 0 # dummy
3449 0 # dummy
3450 0 # dummy
3451 0 # dummy
3452 0 # dummy
3453 0 # dummy
3454 0 # dummy
3455 0 # dummy
3456 0 # dummy
3457 0 # dummy
3458 0 # dummy
3459 0 # dummy
3460 0 # dummy
3461 0 # dummy
3462 0 # dummy
3463 0 # dummy
3464 0 # dummy
3465 0 # dummy
3466 0 # dummy
3467 0 # dummy
3468 0 # dummy
3469 0 # dummy
3470 0 # dummy
3471 0 # dummy
3472 0 # dummy
3473 0 # dummy
3474 0 # dummy
3475 0 # dummy
3476 0 # dummy
3477 0 # dummy
3478 0 # dummy
3479 0 # dummy
3480 0 # dummy
3481 0 # dummy
3482 0 # dummy
3483 0 # dummy
3484 0 # dummy
3485 0 # dummy
3486 0 # dummy
3487 0 # dummy
3488 0 # dummy
3489 0 # dummy
3490 0 # dummy
3491 0 # dummy
3492 0 # dummy
3493 0 # dummy
3494 0 # dummy
3495 0 # dummy
3496 0 # dummy
3497 0 # dummy
3498 0 # dummy
3499 0 # dummy
3500 0 # dummy
3501 0 # dummy
3502 0 # dummy
3503 0 # dummy
3504 0 # dummy
3505 0 # dummy
3506 0 # dummy
3507 0 # dummy
3508 0 # dummy
3509 0 # dummy
3510 0 # dummy
3511 0 # dummy
3512 0 # dummy
3513 0 # dummy
3514 0 # dummy
3515 0 # dummy
3516 0 # dummy
3517 0 # dummy
3518 0 # dummy
3519 0 # dummy
3520 0 # dummy
3521 0 # dummy
3522 0 # dummy
3523 0 # dummy
3524 0 # dummy
3525 0 # dummy
3526 0 # dummy
3527 0 # dummy
3528 0 # dummy
3529 0 # dummy
3530 0 # dummy
3531 0 # dummy
3532 0 # dummy
3533 0 # dummy
3534 0 # dummy
3535 0 # dummy
3536 0 # dummy
3537 0 # dummy
3538 0 # dummy
3539 0 # dummy
3540 0 # dummy
3541 0 # dummy
3542 0 # dummy
3543 0 # dummy
3544 0 # dummy
3545 0 # dummy
3546 0 # dummy
3547 0 # dummy
3548 0 # dummy
3549 0 # dummy
3550 0 # dummy
3551 0 # dummy
3552 0 # dummy
3553 0 # dummy
3554 0 # dummy
3555 0 # dummy
3556 0 # dummy
3557 0 # dummy
3558 0 # dummy
3559 0 # dummy
3560 0 # dummy
3561 0 # dummy
3562 0 # dummy
3563 0 # dummy
3564 0 # dummy
3565 0 # dummy
3566 0 # dummy
3567 0 # dummy
3568 0 # dummy
3569 0 # dummy
3570 0 # dummy
3571 0 # dummy
3572 0 # dummy
3573 0 # dummy
3574 0 # dummy
3575 0 # dummy
3576 0 # dummy
3577 0 # dummy
3578 0 # dummy
3579 0 # dummy
3580 0 # dummy
3581 0 # dummy
3582 0 # dummy
3583 0 # dummy
3584 0 # dummy
3585 0 # dummy
3586 0 # dummy
3587 0 # dummy
3588 0 # dummy
3589 0 # dummy
3590 0 # dummy
3591 0 # dummy
3592 0 # dummy
3593 0 # dummy
3594 0 # dummy
3595 0 # dummy
3596 0 # dummy
3597 0 # dummy
3598 0 # dummy
3599 0 # dummy
3600 0 # dummy
3601 0 # dummy
3602 0 # dummy
3603 0 # dummy
3604 0 # dummy
3605 0 # dummy
3606 0 # dummy
3607 0 # dummy
3608 0 # dummy
3609 0 # dummy
3610 0 # dummy
3611 0 # dummy
3612 0 # dummy
3613 0 # dummy
3614 0 # dummy
3615 0 # dummy
3616 0 # dummy
3617 0 # dummy
3618 0 # dummy
3619 0 # dummy
3620 0 # dummy
3621 0 # dummy
3622 0 # dummy
3623 0 # dummy
3624 0 # dummy
3625 0 # dummy
3626 0 # dummy
3627 0 # dummy
3628 0 # dummy
3629 0 # dummy
3630 0 # dummy
3631 0 # dummy
3632 0 # dummy
3633 0 # dummy
3634 0 # dummy
3635 0 # dummy
3636 0 # dummy
3637 0 # dummy
3638 0 # dummy
3639 0 # dummy
3640 0 # dummy
3641 0 # dummy
3642 0 # dummy
3643 0 # dummy
3644 0 # dummy
3645 0 # dummy
3646 0 # dummy
3647 0 # dummy
3648 0 # dummy
3649 0 # dummy
3650 0 # dummy
3651 0 # dummy
3652 0 # dummy
3653 0 # dummy
3654 0 # dummy
3655 0 # dummy
3656 0 # dummy
3657 0 # dummy
3658 0 # dummy
3659 0 # dummy
3660 0 # dummy
3661 0 # dummy
3662 0 # dummy
3663 0 # dummy
3664 0 # dummy
3665 0 # dummy
3666 0 # dummy
3667 0 # dummy
3668 0 # dummy
3669 0 # dummy
3670 0 # dummy
3671 0 # dummy
3672 0 # dummy
3673 0 # dummy
3674 0 # dummy
3675 0 # dummy
3676 0 # dummy
3677 0 # dummy
3678 0 # dummy
3679 0 # dummy
3680 0 # dummy
3681 0 # dummy
3682 0 # dummy
3683 0 # dummy
3684 0 # dummy
3685 0 # dummy
3686 0 # dummy
3687 0 # dummy
3688 0 # dummy
3689 0 # dummy
3690 0 # dummy
3691 0 # dummy
3692 0 # dummy
3693 0 # dummy
3694 0 # dummy
3695 0 # dummy
3696 0 # dummy
3697 0 # dummy
3698 0 # dummy
3699 0 # dummy
3700 0 # dummy
3701 0 # dummy
3702 0 # dummy
3703 0 # dummy
3704 0 # dummy
3705 0 # dummy
3706 0 # dummy
3707 0 # dummy
3708 0 # dummy
3709 0 # dummy
3710 0 # dummy
3711 0 # dummy
3712 0 # dummy
3713 0 # dummy
3714 0 # dummy
3715 0 # dummy
3716 0 # dummy
3717 0 # dummy
3718 0 # dummy
3719 0 # dummy
3720 0 # dummy
3721 0 # dummy
3722 0 # dummy
3723 0 # dummy
3724 0 # dummy
3725 0 # dummy
3726 0 # dummy
3727 0 # dummy
3728 0 # dummy
3729 0 # dummy
3730 0 # dummy
3731 0 # dummy
3732 0 # dummy
3733 0 # dummy
3734 0 # dummy
3735 0 # dummy
3736 0 # dummy
3737 0 # dummy
3738 0 # dummy
3739 0 # dummy
3740 0 # dummy
3741 0 # dummy
3742 0 # dummy
3743 0 # dummy
3744 0 # dummy
3745 0 # dummy
3746 0 # dummy
3747 0 # dummy
3748 0 # dummy
3749 0 # dummy
3750 0 # dummy
3751 0 # dummy
3752 0 # dummy
3753 0 # dummy
3754 0 # dummy
3755 0 # dummy
3756 0 # dummy
3757 0 # dummy
3758 0 # dummy
3759 0 # dummy
3760 0 # dummy
3761 0 # dummy
3762 0 # dummy
3763 0 # dummy
3764 0 # dummy
3765 0 # dummy
3766 0 # dummy
3767 0 # dummy
3768 0 # dummy
3769 0 # dummy
3770 0 # dummy
3771 0 # dummy
3772 0 # dummy
3773 0 # dummy
3774 0 # dummy
3775 0 # dummy
3776 0 # dummy
3777 0 # dummy
3778 0 # dummy
3779 0 # dummy
3780 0 # dummy
3781 0 # dummy
3782 0 # dummy
3783 0 # dummy
3784 0 # dummy
3785 0 # dummy
3786 0 # dummy
3787 0 # dummy
3788 0 # dummy
3789 0 # dummy
3790 0 # dummy
3791 0 # dummy
3792 0 # dummy
3793 0 # dummy
3794 0 # dummy
3795 0 # dummy
3796 0 # dummy
3797 0 # dummy
3798 0 # dummy
3799 0 # dummy
3800 0 # dummy
3801 0 # dummy
3802 0 # dummy
3803 0 # dummy
3804 0 # dummy
3805 0 # dummy
3806 0 # dummy
3807 0 # dummy
3808 0 # dummy
3809 0 # dummy
3810 0 # dummy
3811 0 # dummy
3812 0 # dummy
3813 0 # dummy
3814 0 # dummy
3815 0 # dummy
3816 0 # dummy
3817 0 # dummy
3818 0 # dummy
3819 0 # dummy
3820 0 # dummy
3821 0 # dummy
3822 0 # dummy
3823 0 # dummy
3824 0 # dummy
3825 0 # dummy
3826 0 # dummy
3827 0 # dummy
3828 0 # dummy
3829 0 # dummy
3830 0 # dummy
3831 0 # dummy
3832 0 # dummy
3833 0 # dummy
3834 0 # dummy
3835 0 # dummy
3836 0 # dummy
3837 0 # dummy
3838 0 # dummy
3839 0 # dummy
3840 0 # dummy
3841 0 # dummy
3842 0 # dummy
3843 0 # dummy
3844 0 # dummy
3845 0 # dummy
3846 0 # dummy
3847 0 # dummy
3848 0 # dummy
3849 0 # dummy
3850 0 # dummy
3851 0 # dummy
3852 0 # dummy
3853 0 # dummy
3854 0 # dummy
3855 0 # dummy
3856 0 # dummy
3857 0 # dummy
3858 0 # dummy
3859 0 # dummy
3860 0 # dummy
3861 0 # dummy
3862 0 # dummy
3863 0 # dummy
3864 0 # dummy
3865 0 # dummy
3866 0 # dummy
3867 0 # dummy
3868 0 # dummy
3869 0 # dummy
3870 0 # dummy
3871 0 # dummy
3872 0 # dummy
3873 0 # dummy
3874 0 # dummy
3875 0 # dummy
3876 0 # dummy
3877 0 # dummy
3878 0 # dummy
3879 0 # dummy
3880 0 # dummy
3881 0 # dummy
3882 0 # dummy
3883 0 # dummy
3884 0 # dummy
3885 0 # dummy
3886 0 # dummy
3887 0 # dummy
3888 0 # dummy
3889 0 # dummy
3890 0 # dummy
3891 0 # dummy
3892 0 # dummy
3893 0 # dummy
3894 0 # dummy
3895 0 # dummy
3896 0 # dummy
3897 0 # dummy
3898 0 # dummy
3899 0 # dummy
3900 0 # dummy
3901 0 # dummy
3902 0 # dummy
3903 0 # dummy
3904 0 # dummy
3905 0 # dummy
3906 0 # dummy
3907 0 # dummy
3908 0 # dummy
3909 0 # dummy
3910 0 # dummy
3911 0 # dummy
3912 0 # dummy
3913 0 # dummy
3914 0 # dummy
3915 0 # dummy
3916 0 # dummy
3917 0 # dummy
3918 0 # dummy
3919 0 # dummy
3920 0 # dummy
3921 0 # dummy
3922 0 # dummy
3923 0 # dummy
3924 0 # dummy
3925 0 # dummy
3926 0 # dummy
3927 0 # dummy
3928 0 # dummy
3929 0 # dummy
3930 0 # dummy
3931 0 # dummy
3932 0 # dummy
3933 0 # dummy
3934 0 # dummy
3935 0 # dummy
3936 0 # dummy
3937 0 # dummy
3938 0 # dummy
3939 0 # dummy
3940 0 # dummy
3941 0 # dummy
3942 0 # dummy
3943 0 # dummy
3944 0 # dummy
3945 0 # dummy
3946 0 # dummy
3947 0 # dummy
3948 0 # dummy
3949 0 # dummy
3950 0 # dummy
3951 0 # dummy
3952 0 # dummy
3953 0 # dummy
3954 0 # dummy
3955 0 # dummy
3956 0 # dummy
3957 0 # dummy
3958 0 # dummy
3959 0 # dummy
3960 0 # dummy
3961 0 # dummy
3962 0 # dummy
3963 0 # dummy
3964 0 # dummy
3965 0 # dummy
3966 0 # dummy
3967 0 # dummy
3968 0 # dummy
3969 0 # dummy
3970 0 # dummy
3971 0 # dummy
3972 0 # dummy
3973 0 # dummy
3974 0 # dummy
3975 0 # dummy
3976 0 # dummy
3977 0 # dummy
3978 0 # dummy
3979 0 # dummy
3980 0 # dummy
3981 0 # dummy
3982 0 # dummy
3983 0 # dummy
3984 0 # dummy
3985 0 # dummy
3986 0 # dummy
3987 0 # dummy
3988 0 # dummy
3989 0 # dummy
3990 0 # dummy
3991 0 # dummy
3992 0 # dummy
3993 0 # dummy
3994 0 # dummy
3995 0 # dummy
3996 0 # dummy
3997 0 # dummy
3998 0 # dummy
3999 0 # dummy
4000 0 # dummy
4001 0 # dummy
4002 0 # dummy
4003 0 # dummy
4004 0 # dummy
4005 0 # dummy
4006 0 # dummy
4007 0 # dummy
4008 0 # dummy
4009 0 # dummy
4010 0 # dummy
4011 0 # dummy
4012 0 # dummy
4013 0 # dummy
4014 0 # dummy
4015 0 # dummy
4016 0 # dummy
4017 0 # dummy
4018 0 # dummy
4019 0 # dummy
4020 0 # dummy
4021 0 # dummy
4022 0 # dummy
4023 0 # dummy
4024 0 # dummy
4025 0 # dummy
4026 0 # dummy
4027 0 # dummy
4028 0 # dummy
4029 0 # dummy
4030 0 # dummy
4031 0 # dummy
4032 0 # dummy
4033 0 # dummy
4034 0 # dummy
4035 0 # dummy
4036 0 # dummy
4037 0 # dummy
4038 0 # dummy
4039 0 # dummy
4040 0 # dummy
4041 0 # dummy
4042 0 # dummy
4043 0 # dummy
4044 0 # dummy
4045 0 # dummy
4046 0 # dummy
4047 0 # dummy
4048 0 # dummy
4049 0 # dummy
4050 0 # dummy
4051 0 # dummy
4052 0 # dummy
4053 0 # dummy
4054 0 # dummy
4055 0 # dummy
4056 0 # dummy
4057 0 # dummy
4058 0 # dummy
4059 0 # dummy
4060 0 # dummy
4061 0 # dummy
4062 0 # dummy
4063 0 # dummy
4064 0 # dummy
4065 0 # dummy
4066 0 # dummy
4067 0 # dummy
4068 0 # dummy
4069 0 # dummy
4070 0 # dummy
4071 0 # dummy
4072 0 # dummy
4073 0 # dummy
4074 0 # dummy
4075 0 # dummy
4076 0 # dummy
4077 0 # dummy
4078 0 # dummy
4079 0 # dummy
4080 0 # dummy
4081 0 # dummy
4082 0 # dummy
4083 0 # dummy
4084 0 # dummy
4085 0 # dummy
4086 0 # dummy
4087 0 # dummy
4088 0 # dummy
4089 0 # dummy
4090 0 # dummy
4091 0 # dummy
4092 0 # dummy
4093 0 # dummy
4094 0 # dummy
4095 0 # dummy
