# PT compression LUT
# maps 8 bits to 6 bits
# the 1st column is the integer value after selecting bits 1:8
# anything after # is ignored with the exception of the header
# the header is first valid line starting with #<header> versionStr nrBitsAddress nrBitsData </header>
#<header> v1 8 6 </header>
0 0
1 1
2 1
3 1
4 1
5 1
6 1
7 1
8 1
9 1
10 1
11 1
12 1
13 1
14 1
15 1
16 2
17 3
18 4
19 5
20 6
21 7
22 8
23 9
24 10
25 11
26 12
27 13
28 14
29 15
30 16
31 17
32 18
33 18
34 19
35 19
36 20
37 20
38 21
39 21
40 22
41 22
42 23
43 23
44 24
45 24
46 25
47 25
48 26
49 26
50 27
51 27
52 28
53 28
54 29
55 29
56 30
57 30
58 31
59 31
60 32
61 32
62 33
63 33
64 33
65 34
66 34
67 34
68 35
69 35
70 35
71 36
72 36
73 36
74 37
75 37
76 37
77 38
78 38
79 38
80 39
81 39
82 39
83 40
84 40
85 40
86 41
87 41
88 41
89 42
90 42
91 42
92 43
93 43
94 43
95 44
96 44
97 44
98 45
99 45
100 45
101 46
102 46
103 46
104 47
105 47
106 47
107 47
108 47
109 47
110 48
111 48
112 48
113 48
114 48
115 48
116 49
117 49
118 49
119 49
120 49
121 49
122 50
123 50
124 50
125 50
126 50
127 50
128 51
129 51
130 51
131 51
132 51
133 51
134 52
135 52
136 52
137 52
138 52
139 52
140 53
141 53
142 53
143 53
144 53
145 53
146 54
147 54
148 54
149 54
150 54
151 54
152 55
153 55
154 55
155 55
156 55
157 55
158 56
159 56
160 56
161 56
162 56
163 56
164 57
165 57
166 57
167 57
168 57
169 57
170 58
171 58
172 58
173 58
174 58
175 58
176 59
177 59
178 59
179 59
180 59
181 59
182 60
183 60
184 60
185 60
186 60
187 60
188 61
189 61
190 61
191 61
192 61
193 61
194 62
195 62
196 62
197 62
198 62
199 62
200 62
201 62
202 62
203 62
204 62
205 62
206 62
207 62
208 62
209 62
210 62
211 62
212 62
213 62
214 62
215 62
216 62
217 62
218 62
219 62
220 62
221 62
222 62
223 62
224 62
225 62
226 62
227 62
228 62
229 62
230 62
231 62
232 62
233 62
234 62
235 62
236 62
237 62
238 62
239 62
240 62
241 62
242 62
243 62
244 62
245 62
246 62
247 62
248 62
249 62
250 62
251 62
252 62
253 62
254 62
255 63
